67333
13561
96418
22064
14888
2171
72992
15875
85946
29245
558
74001
80678
98879
85725
7882
58215
72669
91855
45330
16527
49206
70332
20867
86356
27453
69950
87495
67126
31981
82517
5472
57078
64692
31554
739
19483
24868
29068
16072
9020
87247
95927
65881
2957
91290
34472
34552
80064
69755
12305
88853
85585
70794
85919
75929
81950
78090
93603
8227
53629
94329
23970
34178
3403
76349
33366
57526
88004
21388
44726
79945
76378
24511
37727
51118
2146
59264
7472
70677
15591
19534
90743
51721
37576
3960
50387
11190
61109
4567
52937
63423
1944
66212
70111
8124
32882
25383
84247
77060
81475
92951
64119
98667
15803
74355
22108
47357
97459
23973
89994
65141
75704
96785
87080
95442
20068
68456
82263
38764
69579
55585
80485
53154
20913
64403
72510
15206
48249
76159
52948
57175
90892
58249
50372
53686
52188
76017
62836
42670
19213
85432
91652
26062
93345
86631
39005
22854
76066
76850
56478
73171
27001
79247
52074
56832
26965
78881
96270
43642
54291
31160
83815
18200
66656
28361
37481
5384
73163
94988
86684
25937
539
55929
53429
42977
85713
14587
37923
32420
50896
60101
62545
41275
69555
58237
41211
93145
24390
5374
5138
36519
47141
57986
27274
64950
61973
32144
7032
79745
8520
86213
22072
38373
5392
13763
97659
87418
67289
70516
1501
19367
83391
81503
59402
29445
51428
9530
54980
11509
11187
2467
57692
80061
27308
43419
14506
88325
14233
4561
38861
94932
49891
73619
61412
2816
19965
29043
95695
80347
31892
83795
79428
82497
69705
70277
82918
40135
7613
44888
97928
3438
69953
40523
27715
86965
58215
76445
58837
24897
15216
9397
18138
19894
38580
87971
59271
27245
85526
72763
63560
711
37421
94271
45930
98795
70864
61852
96904
97306
44630
62771
39059
38939
18857
10976
58934
64354
40616
3322
13933
48361
58599
18901
53977
51467
57858
74352
74115
91873
47819
52040
94911
97932
74595
58907
1868
91257
93581
47553
87279
25295
16100
69150
56886
44027
24435
54381
39770
81550
48986
74355
34491
66447
16197
211
34315
2363
9693
96540
69853
66541
97058
89040
35632
38757
56577
47231
73040
33224
61157
22190
18816
26992
27092
12779
58203
63887
97743
88833
44554
77445
61806
25754
15961
41024
47972
17622
52393
18732
12694
25473
3928
13916
69351
36450
89168
76775
99455
62866
33782
46957
75005
46079
2976
1243
83343
78855
51617
89979
15712
53241
79605
61510
50307
68906
51832
95851
94382
13514
6024
28764
4475
4293
36747
74378
17221
6283
81028
84155
37419
75871
13742
46241
30268
79354
45751
114
1566
4848
69532
63906
22908
94547
83361
81396
68433
98238
16267
76508
19181
51125
20006
26276
94704
20607
17249
91612
49730
79153
65941
24689
23221
58164
17544
36353
47737
77545
41865
95509
41420
5432
79419
41691
60204
99366
62529
71491
90999
60494
74919
13871
16590
16295
55825
6324
67918
42822
69689
9212
16378
40084
52760
87982
42035
50290
83252
54103
57195
23214
42116
14682
47317
21175
64778
80740
32050
39057
2115
33564
87938
10062
94503
37645
58404
55441
58772
28522
41628
99948
59514
96080
37358
34704
34019
27852
81404
2180
26420
8981
23801
98164
76037
93683
52742
98561
48322
14353
9641
15108
2690
3897
89116
97738
17086
37650
43455
16045
48489
17100
83028
95114
7469
22614
55189
22811
66147
81394
31108
7677
10046
19892
5502
56662
68938
88330
98074
63657
34193
46873
59092
8212
12748
37437
78926
46283
46648
72408
98875
27155
71154
36907
56136
34785
8049
67552
869
91539
33519
25258
78918
6973
74020
97674
26524
70331
97639
42738
64176
58763
74504
30572
89449
8375
49952
8153
15474
47938
46304
99090
34697
19984
43357
58496
94571
88113
42262
55517
31918
19824
57372
97374
90370
84652
77962
41542
65473
53477
36706
93035
66231
95949
47167
381
98058
89196
48655
99392
3478
47242
54940
34496
40055
68558
94951
76402
38063
86531
65267
96176
53026
64151
41128
2435
17126
17647
69948
62268
94528
64908
61411
90116
7827
30484
14798
92568
17340
20972
46218
48570
76196
69704
66262
17184
90167
65963
88574
93761
74257
80240
29396
23729
88750
49558
74319
26800
4423
31987
76880
69740
66009
55197
59413
13545
41126
64647
73764
1787
31920
42385
28198
5272
95241
39489
49711
52353
60906
93298
82450
76123
35864
36654
4731
8891
11832
44409
39446
33344
82915
92314
45960
18566
16294
29235
19843
74396
24863
46276
17273
87001
65096
11149
62336
32077
85109
61584
98816
26634
19778
79200
60866
30985
31358
97930
39125
42804
74111
34722
45736
46417
85782
78287
12718
34414
63822
969
72585
77034
56987
33242
67093
86946
33104
44110
11509
14956
51068
57215
65964
8009
94166
71196
29570
63384
52661
33461
45855
42801
23546
8533
6429
45509
36490
48671
71568
93140
33531
30577
80713
83680
39175
73209
67508
52905
38278
8436
78017
67314
99435
24751
64568
36949
63735
42441
72002
89146
5615
51388
36065
9925
93492
54551
2197
22644
48495
7443
76332
49588
89405
67944
88662
77636
73120
71525
65085
25559
40996
85271
85206
85701
10148
34128
61316
83881
20877
54471
51219
1191
13381
80323
28575
33803
94799
19381
22380
24630
28004
36794
58004
22412
47017
67597
49674
32493
83933
93932
49890
65045
61765
37187
68747
82536
25904
42969
35595
14580
23358
55970
49068
47739
9168
72915
21052
736
64564
71595
44280
84639
68211
63052
65035
614
8359
77361
46994
82104
63843
63426
50628
70716
61897
49542
4928
17209
15871
19256
8906
63171
62092
24323
69547
23252
69518
41470
47971
9000
50365
43910
63710
29085
98492
89570
31978
23529
31471
10884
10376
71441
49146
53621
57271
7916
22654
30563
49933
76305
2795
73309
46871
15793
14861
52986
93180
4012
20272
86424
57020
95299
19116
60961
21652
89650
74957
47593
60143
68249
3630
1455
40632
63009
42975
37435
36895
62054
94949
29467
32255
72535
32155
97606
98579
46996
25193
97752
50769
32389
33847
29279
72495
66175
55292
41487
43345
63511
75270
12673
78741
45841
4645
54961
89703
74648
45028
52242
90410
54006
39368
15646
39060
44393
74390
16765
46346
96566
11376
84013
46869
82098
52608
43150
83306
68120
47704
26417
69209
48763
11914
16064
70581
2156
17819
57832
30019
343
57552
28688
38010
93650
5706
80706
56480
21272
97711
56238
53379
4101
15812
29204
2476
3140
57238
49980
72662
80509
57218
19608
33779
90846
88526
82601
19125
19982
11662
83070
95258
38536
48057
58396
20040
89269
78647
65021
60356
56110
693
38323
67236
79575
50161
18457
86213
11621
95967
45607
78244
93567
11213
48612
82460
37012
23943
93067
4818
71376
65307
64107
861
69208
32121
36269
48029
88671
32457
66799
31568
27858
80328
13515
26571
54920
95131
98488
10574
7927
23452
29825
37881
33413
45424
99674
47067
8401
83100
1269
14228
10162
82677
85777
95461
48307
63290
69476
25296
27514
3858
31687
39379
12174
84460
49639
37851
34864
30473
33921
83284
96061
20178
2762
17126
13955
23572
43237
49259
58602
78364
99171
87343
6368
20159
94638
8637
54619
38553
30716
16613
88541
35027
60023
60682
37828
37883
73478
87363
43316
77093
43891
35173
22660
22714
28464
75611
32910
87870
59915
37923
39584
60587
41212
10874
36404
4792
22877
73974
21072
42268
63178
78888
2196
94453
96768
14830
35095
8891
10829
94420
46404
80264
35430
43640
19544
55997
98427
95077
93229
37158
78204
17587
68840
32404
90861
25012
46791
69588
5152
86001
50906
37720
25799
79624
80165
63967
41840
75414
27026
5234
53882
54519
53647
99614
44780
82104
60831
34530
18139
36278
99789
72152
97459
22180
54686
55961
98960
39808
23528
17517
92165
41648
44119
78439
71288
81426
60014
5092
66601
4077
8853
74683
34692
30121
13318
22625
27889
1413
30988
84530
39353
70564
20070
88170
99645
57450
17529
89704
94884
49133
45363
76191
76976
80241
54207
11671
33179
16340
99740
49318
40563
1025
14414
39688
5942
57039
2655
10593
19854
67230
84427
5808
97877
38962
485
43449
10093
16220
83372
69272
98807
81799
42010
20424
43929
80661
6967
76148
65016
79730
66971
30225
70531
52432
83933
1228
22030
42568
98880
95915
70085
56344
35139
54797
30190
68619
31067
14251
91020
6058
7568
86831
380
74175
1632
19013
28511
64256
93287
98295
78814
67074
53185
38360
77343
47309
89736
27086
16033
40680
73136
48270
33349
58677
30716
7720
35304
16259
41743
30546
56401
85792
47386
70786
45248
42031
83010
92349
41829
79606
83107
15678
86233
51006
13763
90361
28428
65326
79268
96056
39927
14283
40153
15502
28319
35740
53765
79796
73018
58214
57039
10889
1499
92216
13032
8835
72770
93517
72532
88237
33844
92632
94188
42011
42588
45792
79373
58277
19686
35535
5376
43962
29717
27341
91967
19155
11992
26790
40572
56855
23853
70578
51126
25671
33327
1833
91575
34177
74270
622
41434
40679
55408
2024
11732
70263
59647
43268
74545
19789
67455
57668
85846
55767
27779
61498
49298
18122
62540
55186
67039
75254
35624
6807
95239
19300
61141
43985
18754
73485
99126
29238
72215
59505
57878
3632
29243
52395
64145
34403
74236
29590
89261
36237
3426
65914
58310
68044
56970
43398
57186
72762
46524
82411
11315
50527
71485
90334
68848
77023
72417
51277
75659
49153
76792
85828
48917
12565
68070
7709
59770
7823
72214
50198
33139
37784
2505
85598
77881
88947
68315
10303
52467
75568
13476
81925
45156
91468
37499
12549
2500
14867
57735
8087
1205
39503
96406
28665
45145
12373
31985
44842
19802
95623
70883
76728
4116
63990
31927
73927
36419
66167
11465
71556
84341
50036
11746
99709
39828
48939
74598
3611
72024
59978
94865
20566
25940
53553
27136
46079
9645
84596
34636
94633
22579
65101
2429
13865
8070
13325
32427
63597
17402
54745
49040
71051
92417
88391
12952
60566
76547
73406
84221
31221
99837
80167
701
80219
86797
30746
14647
48303
81948
44628
16940
93236
40854
1279
85867
99629
85195
12493
47360
32743
75247
12147
35125
10068
96172
92437
24902
95847
24845
39728
79420
59938
27402
17610
59446
65028
72446
40311
80121
25512
59610
13039
23154
18932
69336
83279
12718
26887
63931
35332
88754
14780
83938
90437
2893
7589
38946
30161
88787
75585
3067
43160
53288
63649
90820
40363
47391
67123
83345
14623
45078
84104
76142
65900
32564
78929
1494
93130
65713
92096
86911
40629
17855
75168
99213
92556
21306
75610
19667
25930
75710
1898
97421
81645
41721
71775
66886
4412
37363
21470
27707
46257
6089
26158
17439
69121
57486
17765
48827
89464
62352
95871
32025
16770
30835
12755
48633
41511
35580
55993
22761
27200
27653
45278
44382
85864
55603
71983
56997
94504
63757
7925
81479
53207
99859
55162
54900
55868
32676
53267
12684
62862
77538
24335
66235
65176
64673
7259
87800
81794
52138
32542
1331
63600
80952
2121
37574
72527
2551
71295
1121
38406
59573
99315
6036
36337
89157
95333
93143
86879
18448
37709
34707
87220
42814
33020
30588
58440
62156
4874
13188
25424
75173
69765
79408
52166
14817
9759
99206
73516
31549
18657
51162
36249
6483
53288
65076
83312
62775
5174
43866
21498
95564
70003
87769
64126
16677
74112
47007
7447
44530
83029
9740
91060
75645
9879
24608
66554
21893
32924
16449
31477
325
50528
80184
94585
24162
66645
43200
24412
65750
7284
14745
96982
11475
43864
86053
34611
82378
69591
54754
6730
99637
32931
38167
33466
25418
69110
82814
91643
71444
6492
96765
55269
66759
74589
54002
69359
57517
47211
35502
58344
39260
13435
80127
33308
82182
67385
94883
35200
81794
47595
88012
48004
63064
62847
18210
32879
59445
38919
75538
16516
69145
67287
33659
76906
98348
54053
27303
58698
91645
9588
34826
92666
61878
27550
3556
54166
23873
16127
33855
62979
45682
47454
21359
57481
45021
31393
89116
1103
30950
50181
46472
19064
88525
65105
66402
64286
99295
81911
11994
70298
45983
91282
14071
70374
23345
41989
74404
42625
55913
83877
57940
53886
24338
28561
5811
54337
5179
39523
28960
6050
75376
82051
70885
14794
30226
79399
97902
60323
97696
586
45222
5131
17523
80842
56865
81345
5486
97026
42277
8445
17540
70386
28874
55844
25768
53740
56335
71069
96608
20215
27252
98705
53870
47684
86137
37718
84960
62830
29349
44118
49289
58796
29401
17596
13516
53111
86407
77217
35218
71002
76635
47042
92196
64065
83556
62619
88650
67459
38972
66158
61657
14674
13942
6804
41119
48650
25897
24187
86586
92608
90309
47608
5496
51599
79363
91364
86973
89710
82286
10535
43359
97405
8374
28849
29662
1282
43722
92727
97540
83596
29161
88530
52571
19567
33805
27302
35278
77967
36223
70173
39982
48408
51241
68780
27600
48853
24511
32303
82278
92101
68858
46501
10063
8967
98402
70403
16074
32286
96476
8304
49262
6847
69366
79300
27809
56559
37856
10580
5957
13171
39849
5972
62723
40608
61717
34964
3462
72437
94894
15938
49703
19102
24831
8200
97035
87692
80551
64428
89838
44146
17525
14737
60179
83556
65075
65207
76410
63384
48516
71050
77277
41691
70019
47750
91604
18754
81115
35313
68868
10226
54285
21187
67431
54456
98463
96250
10577
53256
37706
93611
55986
8144
69448
63272
59961
21466
50475
91904
66090
29062
10509
14180
7098
77081
48105
59558
48800
39284
16699
48813
55383
72339
45166
73501
74915
36739
45921
48044
29449
18816
15655
94609
18470
3484
50543
35359
44704
9010
16599
59146
22994
41347
87722
70270
78446
81664
58851
61873
47904
82950
85485
79078
3782
51904
4031
43118
51721
32165
71890
426
46356
59117
38083
30993
64244
4339
13011
55125
35587
86541
25683
26217
95317
15903
71194
8878
90627
7748
8376
62556
36608
42286
58110
14662
10960
95349
63725
82290
87937
86316
56237
28855
30443
26535
49016
76340
94533
42932
27389
97376
20317
53458
28407
3866
59137
66491
67045
72532
97718
78723
32917
2954
36242
89748
35639
56090
57943
6659
9951
26370
75383
10371
90768
70780
49520
37575
96512
13257
99367
80319
56883
81896
72244
54849
8102
49004
75799
96557
63278
68140
76237
53920
91623
34675
48624
75311
85959
45810
82697
28870
88479
1102
5366
79460
23794
83515
78978
31315
86961
91300
15201
57772
20404
2058
86461
81967
58680
86383
70241
78159
65324
48719
77760
61234
11088
43072
74008
3772
90979
24032
86485
87710
72231
33099
69030
30047
66421
82759
61276
24800
94896
41275
76986
40212
12903
35578
33606
85228
69299
50682
71150
55421
24146
98855
80473
54906
63511
77108
97749
94872
36891
98396
66579
35777
72083
43824
18133
36696
12969
50031
33178
91854
17997
60265
24299
72342
91123
37084
38244
38584
48585
32593
66028
76663
8290
24352
65970
12538
12861
35877
60734
2605
71555
61356
63014
25597
81866
62282
31496
18671
81600
82270
47350
64313
50507
30009
25635
26352
75522
45250
77332
57895
99034
91521
19675
54724
1010
69765
81586
59133
99781
52092
68326
9855
24066
46709
99354
61283
35113
6862
22730
4727
41147
20738
24739
63905
136
72198
74115
92973
28877
14586
35252
51727
38359
68676
82364
32400
17930
29594
65278
75929
73483
80511
79764
40515
6029
24279
31104
38328
40552
25572
60820
52894
49691
21279
9928
50275
26972
96616
58677
41185
65821
8542
52542
24475
32250
87985
3121
42188
9470
55977
65313
65353
39459
57459
59554
79638
13542
81349
65868
84753
86218
2482
10223
96718
68681
61362
61681
22492
98164
64496
28058
37134
73076
29753
37138
37651
61198
12211
5753
76952
66355
75588
57616
8927
20140
71608
65357
98310
29548
82654
7572
50232
1155
8448
72218
19680
38776
77397
44243
46407
19431
55753
97159
71726
49467
45361
43971
75364
79811
29208
68787
43897
47769
17356
89805
90320
38024
33036
4647
82938
71526
85872
89927
28731
60020
14985
41298
60650
98819
72570
28210
2394
24354
95180
24718
7484
64036
1338
80187
46766
52366
65130
92956
49968
76125
77266
45246
5765
76361
43966
94714
96059
91926
25040
30792
95252
27291
56783
8784
21200
82480
70877
68142
9382
69069
82404
1442
30980
55047
38725
9430
74694
27161
73177
37205
75996
6174
55204
75714
65079
36213
5605
94913
35298
14916
72079
72791
41707
36110
66779
94756
93917
800
38168
62297
71170
92437
12302
46313
51398
4745
30720
79440
94981
81192
28091
96405
10799
83837
92107
71331
97071
1667
6874
26392
46821
80645
43797
60176
29330
18662
29291
64835
38856
11688
27129
30971
4472
43757
91958
67211
58452
51703
31720
94049
18834
18170
64194
57672
44630
62401
30476
74369
70573
64365
24059
43847
98204
40533
96431
47063
42145
97340
22172
28077
56009
96102
10758
94655
92867
46702
79238
98235
57992
19828
30831
50513
28604
12382
91083
58154
40353
81370
16560
960
31780
93842
37195
4582
4999
14118
58119
56875
57803
48536
3540
89208
51518
24626
71235
87988
48117
66086
60030
81452
97439
83612
3661
18601
2519
22564
5335
58012
68739
43272
42502
1864
15147
54359
63598
44069
30295
47494
83781
36946
26128
3368
88430
75261
59041
52498
86686
64963
74261
55186
74718
26976
60007
88455
93176
40159
16612
78160
76460
682
53012
28640
32314
78204
9086
92495
93906
5084
33239
13321
69725
22298
34243
87484
77765
35736
85065
27936
93940
81492
72953
65258
39155
49844
81254
81128
53183
4658
75627
10791
42266
31362
77779
66564
81666
97948
45739
98732
23817
70942
67797
10458
52710
61299
8009
98001
24710
76180
1947
8606
23462
97719
86514
78787
8052
22448
59532
9508
89007
67769
46233
96732
2687
54381
36374
7301
91839
66063
66788
60055
3537
40812
87607
39117
8142
21773
13987
65702
51
52125
23914
98516
92528
44384
25874
42544
4190
5794
67005
92598
23526
77344
56082
17286
9531
71103
66201
82593
75877
4922
14087
34513
36850
97176
62220
90166
50347
44377
10019
75514
3045
62028
60312
17864
17367
75053
63457
64880
89931
98606
3083
8181
77947
99994
22639
77495
96632
24847
75592
25025
70206
99904
16922
96127
37572
34236
80233
23375
47083
81252
45545
42936
96185
14530
91102
88119
52424
55115
81314
87353
82453
23086
80979
48632
18309
91809
64015
54447
38725
23145
81514
49929
11666
58513
80074
47161
97736
74735
20908
85256
30857
78585
19463
1085
18696
94972
32008
33696
1113
97178
94419
23470
35082
85157
61159
51710
39893
43586
17794
50970
6564
2064
71794
91087
25749
32229
44536
77752
11590
82274
18190
91757
87643
47543
21561
57324
4568
57122
96680
24111
6435
40752
85604
87641
14347
4032
57350
40034
24883
81290
84373
1738
5045
85686
63578
9804
64519
19742
82511
1512
1175
32515
44257
93698
18923
17117
65376
18125
2875
14098
32429
3896
71244
44351
67895
55939
22745
44640
26812
97409
77615
17352
18826
87273
28917
80856
91851
63972
28605
29639
18749
92330
18028
79851
99673
29636
60595
74487
41561
88316
66161
9609
86166
34434
93761
65814
77274
82376
31967
39452
36387
22585
67545
79464
85293
54838
23356
20591
58805
85003
72979
5169
59844
44959
92385
48051
51983
40197
50383
50397
88725
37986
4575
80800
48883
28336
16875
1573
31936
19595
9808
21345
28776
8313
5985
77365
17062
39920
98294
58057
15704
12308
52345
25351
45651
22707
9970
54036
41651
87277
4108
30154
69983
45114
89840
80024
99902
85097
58249
41848
95882
22430
60158
26037
74221
82924
33867
69936
52030
21230
90260
34646
70370
50998
80369
7681
89077
49017
81367
68099
92672
72505
40493
35908
65511
95330
48019
18913
51525
36238
18476
99928
11782
6380
15089
80019
19277
61725
65583
3377
47461
36269
34747
69044
70226
37524
25565
54120
45613
80093
60572
81077
92106
48902
62384
39057
99060
28597
97379
69593
89066
68396
73369
55110
89737
50539
69017
12027
18255
85298
44551
27868
48840
19400
42567
80236
72903
18205
51730
83582
94017
69915
12862
47029
75775
89071
56262
48115
36062
54767
28313
23800
81936
32431
46045
41693
5691
36449
67343
83653
94014
16971
12340
79268
91093
31815
84951
10103
87800
86302
4748
85649
37944
84253
79548
95119
95767
79327
92194
30140
33011
91351
69652
87870
60380
51268
22540
4403
87587
17049
30854
29357
73086
94733
1095
95603
22518
32469
77820
58643
63041
72105
9984
79322
9496
88719
31616
48190
97746
43209
82261
98785
8786
45797
66286
11720
67912
36980
92104
29517
69591
55796
14410
70705
79265
49486
76935
87058
26002
97166
99268
15568
40812
98252
56817
82504
77684
83986
93988
90142
43913
2884
67792
32051
54534
4937
67530
22706
3997
64397
63670
45495
96156
20503
65531
35562
50822
22403
11113
66521
65497
56413
93962
55244
38947
50782
51396
68927
8570
25000
45056
12097
95690
82605
82766
80047
89661
59022
32217
39472
77242
43182
14975
64144
10737
43425
5776
68856
7940
36535
17106
75066
79502
26059
48167
97903
82845
10832
30463
56842
96136
94480
56429
57974
24680
77767
62603
14828
94328
2244
11585
94153
55312
78070
70617
1555
28707
53763
59404
51310
28546
44120
85855
3340
17466
31013
2049
30428
78854
33173
8025
56211
98342
60333
62292
84966
56314
21921
98572
33384
56893
53091
56129
16787
12817
6107
32831
59900
85869
33579
35580
55064
9225
36849
85885
5805
53927
1665
74362
39498
8948
72807
9031
72341
77769
7309
24443
89731
41125
44430
98505
97683
92766
51334
34725
84327
19788
48943
44491
28136
56475
26709
79231
79373
67296
90682
19547
7923
51650
36388
36853
47778
72405
58617
36235
64058
78225
61297
74420
24657
91109
3946
11687
13882
3264
42465
78410
83408
78788
35438
73171
22553
26320
41568
5960
55345
44374
60814
44823
10142
45188
39583
33876
29048
81033
55234
76767
58968
20105
91569
39494
43262
62997
38003
75919
9066
60964
74277
10273
38461
73486
27215
84130
17517
84155
25875
57633
95895
37296
98595
14552
54943
74659
39369
32828
3965
24756
49024
680
27447
73611
23090
43411
78184
84208
27369
61375
79461
32446
98541
659
69038
61141
50679
23024
42715
82583
5055
48006
96767
90871
5848
72078
61722
20966
59064
43761
55327
41834
70307
87688
1317
28474
43797
53670
95123
59520
99304
28706
39980
8203
54777
99801
87740
76832
53068
68815
22112
14391
44920
34679
20101
23081
4924
43329
99154
5014
51662
40449
87374
23146
86620
65182
68581
81860
57419
96136
89643
66076
93886
78901
27612
45825
41256
55932
97069
71378
89869
55994
41485
5050
62267
73989
83445
1922
436
20043
37787
60318
15775
7712
99877
60067
96128
56934
45571
72240
77939
59952
64383
29221
86361
7560
51287
36890
72281
77595
83061
40052
12659
38912
67630
12955
9642
36862
98822
33331
61291
70997
92251
93458
80051
52477
33924
22775
48892
80196
97197
13882
3905
15409
62486
46853
12422
68197
26123
21573
60697
92919
14780
95548
434
92271
23331
92591
12321
70065
35618
3426
73134
1917
13951
61717
21174
47035
71420
99227
33343
65513
31193
33087
55864
61620
95382
20843
86585
77236
50091
38755
16637
96746
43520
95738
96669
51567
45436
12455
9603
81464
8749
30197
98485
63894
24483
64388
19383
41140
7554
38401
75296
47795
45686
8256
38436
55230
97898
59
83034
90730
30935
3956
75582
46705
34317
34878
57128
7726
40095
41474
19203
26487
43326
39816
51275
29911
84475
12560
84077
17860
52331
82880
7666
36418
40909
25869
57620
74500
56884
8556
82028
75501
91509
27151
4056
63450
51709
27204
94526
30447
87377
84321
25432
3060
15605
50416
8105
10967
99930
50573
33967
46188
41801
20259
67245
28108
92690
76309
61200
47744
465
672
83820
92124
54218
96192
33842
45219
64573
36090
31819
48421
68413
71402
93007
93770
22752
65078
9218
5466
61035
59263
94164
38052
6498
1524
6946
24040
19387
22964
35130
92047
62425
29261
63980
59720
69052
99154
12122
14280
81204
33421
82353
45352
91104
13514
18853
45507
92723
23590
48803
92277
32756
1326
83697
32748
74026
3186
32138
16843
64581
63911
93823
18981
96504
72646
12539
21735
73423
66048
20125
23046
17280
2197
22413
68131
17086
46152
32954
30107
80129
62152
38391
99681
58213
42301
12081
21118
8150
59049
86794
83054
23366
89471
68044
61083
79661
3341
39270
68984
67358
37966
61823
9673
64919
37539
82269
27801
22377
75095
59575
32907
31993
72184
44847
98700
75450
25892
45246
17530
3961
69887
37591
51769
31372
42508
233
13606
57654
37105
95478
28308
51275
34405
13470
81139
40981
32808
78697
95900
11787
88416
41570
32762
6499
14799
8188
6226
35877
49477
11805
84420
84872
83897
96602
17592
51160
99478
49880
90562
5699
69893
39245
56638
62222
11476
54052
8789
6058
7252
72704
73928
44708
77839
73064
27909
38120
49710
36700
85330
82653
82186
41647
17491
47422
75300
16079
26041
40254
6701
2651
38692
69043
45574
19798
19921
97936
35368
2445
79440
92992
44285
53219
7538
81370
24410
33363
3917
19922
2733
20647
90753
15429
92415
53850
10385
23156
61785
65034
73539
13920
34066
9266
14014
8848
98464
14480
41009
11413
9052
28165
43306
3282
52692
52178
20530
27906
82857
8771
5277
73288
79
23786
40794
82182
63782
34883
54511
19271
61559
79202
88664
13746
14780
85603
68523
20145
62474
58538
2779
95177
70110
89416
52339
24178
43510
37147
93853
18680
34353
36817
52028
97589
1445
75409
42455
7895
82772
81194
70880
26644
80659
69973
83870
43097
94692
22961
88258
85926
91031
81893
14440
69362
9434
42590
70090
51589
10559
44886
64701
86069
98679
33117
70964
39530
39705
92063
41805
73148
33847
31073
20954
50914
77903
51739
28790
46136
71063
7409
10350
44517
54879
12217
13628
28053
52313
79682
54833
32873
59609
3431
47366
37839
30433
58218
18421
74918
89605
31064
59753
27630
48399
97378
62172
78089
78990
27177
38492
94533
47538
37378
71107
35921
86979
85890
89626
71023
32425
33813
63505
74252
1826
78606
65129
64807
61160
66023
96202
94602
97159
75694
39125
37259
79589
88354
92119
80830
53198
47175
37067
52911
33904
89750
66085
38085
62647
55674
74507
77607
78941
94123
53785
26144
72602
67264
51707
98771
65126
14068
27986
27839
59125
71154
28543
94857
94941
94521
52482
21083
19660
98685
29118
66088
96656
25683
28102
82769
41227
60011
52507
37893
40797
46888
5058
4126
27936
85515
94217
39383
74256
68502
62176
42428
51145
58532
1225
73991
11008
91170
17942
31673
97277
56468
11617
37132
49746
41915
28793
93340
88618
38669
75164
17001
19627
43003
14622
32606
78639
19059
6913
67973
67465
35899
22201
6888
58965
76350
50641
74579
84511
8094
15295
44764
8548
46829
12824
11807
29582
63139
31088
74782
10766
20831
84548
42388
74260
31464
83682
87247
91458
70958
27880
47927
77658
30752
22290
5885
1986
72678
44248
35986
87803
38710
60702
72249
34417
13332
61634
34094
81229
55638
56639
90154
56689
33886
85248
99055
50694
70234
74216
85653
3312
53627
73001
70345
34115
35929
32348
47688
56242
13761
70754
13115
98434
14820
60848
25269
62817
16150
10076
29146
24685
63811
28506
66424
31471
5083
14567
16774
97670
66545
64722
38447
48127
36068
55558
24563
11381
61794
22021
90032
1077
97064
87284
16332
76808
45818
21085
45809
79588
82062
62044
25270
90223
8868
37673
38448
62445
71299
59935
79117
55767
25728
85445
5142
5922
24245
65984
36644
44810
92039
23800
79344
80272
65124
82636
6459
39063
90872
11543
78973
40154
34803
504
58466
84991
83804
26370
70238
37430
55828
54183
8336
93808
69381
27593
29907
13206
42616
17571
95627
27143
62425
24096
62193
35767
5827
26051
20955
69540
98378
65724
78511
72332
28237
59484
4717
66175
43563
32112
68771
76289
23563
2332
82384
67063
78984
17655
11837
29212
43457
45934
78149
98268
22015
79916
90709
81301
71657
87858
64847
37476
30292
81240
37479
84533
77573
9043
67541
14356
61894
842
50505
89776
3019
34952
1056
42159
30049
6226
23408
96628
56968
8892
33384
60017
49822
18212
64056
40223
92722
8336
94810
93065
69515
91261
54138
47497
34578
22421
9152
9644
74014
95549
16234
27601
63796
69612
9544
82975
4584
27631
68788
66469
89598
7545
90921
37754
94423
5004
82607
5840
32367
67513
34800
49694
62530
92998
43686
88360
99618
4963
94542
90199
8179
44919
10524
68182
73938
18887
17080
47311
15919
39372
95883
38156
59036
63812
39930
72133
88562
96684
94907
31499
68695
5370
33685
9666
46110
28146
15673
89476
49331
65166
98780
27072
72906
66677
91561
98464
6010
3968
70897
3744
20737
7569
96307
53182
85539
89350
40308
22398
21171
94799
22451
11501
73039
10585
88106
33796
73312
97760
87648
36227
42008
99034
98541
9070
32697
10179
61976
87977
58154
41430
80969
87855
11219
40552
22624
10533
16368
76188
27861
28004
28567
98636
5657
59863
75954
1672
83899
29227
85480
94189
66011
3214
9511
30000
89012
58032
97853
44032
6389
65484
36462
82271
74391
27369
66896
66216
36441
30341
14669
22846
46413
21849
98712
75086
4945
1364
10960
83933
2705
56366
851
92024
82369
9577
38367
4797
5957
207
73812
96881
507
18232
99619
14965
99835
53799
63049
21447
40366
91202
63046
59695
54603
62967
30044
13084
79040
62127
15881
92726
78214
77335
12939
43757
90433
43649
66535
6656
48663
40798
54544
75325
37253
79497
38425
80093
58427
39721
56246
78767
84162
44240
8832
19664
70162
63739
9494
48309
88865
82353
41248
12685
74086
2723
62368
70525
53394
52146
69241
79803
92841
1748
74523
44410
67907
57358
66108
27651
741
41752
89339
52892
13293
91644
91820
51971
39658
5021
72986
12932
29955
25761
37779
26695
44811
6925
74444
18467
62147
54792
52487
8841
79188
52282
64779
91676
29802
46374
73947
69227
39607
45505
72171
18512
4786
22893
39268
36400
49238
1887
9592
93114
94035
81394
32678
81006
8913
79246
25334
57979
1381
702
97004
69583
26359
89857
67644
39922
31806
42326
44376
89771
21485
74276
4810
25084
60971
89426
12596
84007
47011
78305
8740
80253
52846
45965
740
23608
58437
8632
70559
30632
631
93144
95474
60095
67914
78418
18921
81898
92715
91936
93825
48424
28507
84308
8470
38806
75986
43189
41304
68197
38486
98666
14863
76666
73911
63477
12111
26975
39934
33487
92206
40166
28479
13532
21130
16343
61520
21770
64537
31032
32264
25400
80850
83001
36414
69785
23604
92014
7963
21506
29367
45258
20839
13700
31582
75529
59402
21739
39321
40531
68061
48888
23973
82341
47491
44819
28683
47274
97150
19843
74536
66237
96052
81248
70257
62569
48544
46127
23552
22640
87922
44425
17817
35162
30816
89531
77446
68387
22726
28917
74056
98667
18506
7504
8186
65114
15260
52477
39203
45014
4680
39709
48697
1853
35500
9660
47911
97213
84577
14537
12248
40463
20569
75698
5040
87974
14291
77359
17620
20783
77070
49480
75187
16887
3450
70260
5517
14771
32574
49612
95965
14038
20574
59499
45908
31959
10579
82554
23108
51012
21023
15745
99372
65384
54256
31702
86394
55229
97397
81644
24291
37119
33832
90571
64726
99365
59348
14531
12994
65081
58314
28859
97662
25675
89767
47132
12671
52009
65372
59109
89572
69926
97652
59438
21914
85606
16949
49672
97088
93826
59893
70829
72787
68510
2637
16880
77667
81776
41220
43987
44259
15673
90189
32423
809
81807
62169
20085
52441
36135
82366
56535
41008
89729
4687
70258
77927
51992
94892
86844
18513
29635
55372
86167
50570
85218
97308
76251
88590
60123
31337
51774
27985
23887
45696
66027
56092
675
42445
41693
93688
44329
93219
68485
75794
11683
41195
32904
82476
19443
54413
73449
3859
49225
89257
72582
27673
74465
81598
52441
30531
1306
43124
47514
28384
29911
86314
10787
75767
54777
99357
16391
58449
1738
7634
85233
42257
85406
50644
29545
40164
2074
44498
35455
68395
64691
19163
50115
45138
89982
51978
59890
27984
8624
33854
60087
42470
51288
50136
99989
39602
48408
48601
1081
61926
46163
22122
77371
14127
11029
42179
74589
54814
9825
13788
9228
83467
64412
17786
11706
23162
60963
51346
30862
65989
20328
25763
77506
86203
46306
23265
94388
11505
51210
36322
25183
23043
59032
5902
78683
72794
90371
98618
93991
43679
80769
23334
47479
39446
32431
32453
13169
21489
44630
63759
39128
96333
503
46203
91585
1382
13343
30529
72178
46323
8943
86731
16976
98327
6020
73404
45625
78928
83311
38770
65626
26782
95681
45168
280
97227
18151
46672
77531
7784
5492
90719
46908
37561
47595
93370
98776
50467
54727
50662
32337
66189
89706
21856
7272
14665
59735
12534
44972
98183
86807
96174
28875
77999
69786
45725
57263
75288
4373
89413
89609
83040
89052
27014
98062
51323
48232
96681
51687
66680
40544
93479
39723
95147
61035
69294
72992
21832
12507
96019
25040
16420
52410
9237
37545
88309
46447
94451
71597
76152
32818
44203
78120
99781
46214
83448
50260
77819
38513
61003
30775
7709
55263
68367
94671
59452
65765
61085
14215
95294
39009
92778
47818
30357
82622
68946
30268
80553
97342
58851
66768
24790
14077
71142
24983
62755
78312
33913
43020
2125
12714
66831
69252
71212
99372
65555
34933
79460
30830
22831
92603
11918
91431
13710
3606
89267
39944
97506
16476
85344
13428
63252
26903
25661
61505
68619
30087
45721
89234
83065
5110
73140
10394
80313
53724
95465
14051
33325
56424
69866
85418
48609
25281
74548
73704
78662
20489
43143
76159
50031
33040
76788
19344
88024
47597
18658
63137
89067
82629
87991
98951
90867
41037
68193
67368
1628
53741
77053
64747
59455
12979
15406
5563
85675
70477
51651
63283
53308
9906
77719
59952
67584
28176
28936
95468
53087
91199
13527
33263
15288
29446
65010
80210
32456
52949
75453
84242
98920
81891
78293
9470
44013
83497
71497
1001
16181
36645
62532
33050
40932
835
25125
54409
5758
59839
69916
15993
75299
93465
94989
16432
53686
58613
68541
14804
94430
21115
50923
15279
73996
95695
69498
94213
63697
98616
60552
48480
57029
40646
99459
36322
34308
82952
19276
46092
32004
57309
39687
86991
85671
2125
5838
10882
69977
47070
63352
9908
6236
96807
68938
95124
86028
4635
88374
42112
37561
47645
35210
34647
85829
64438
52001
33423
10921
37201
3890
61688
38931
77914
33796
87128
88264
82163
45441
82737
5787
41696
41070
26712
30080
19842
61756
78183
68121
51446
14633
24112
29390
27930
450
62612
67379
89433
34504
82364
33312
42083
57616
98020
43310
82229
61208
67503
78548
97755
2270
43112
45791
68204
53853
70893
41797
46530
89205
97052
87392
35994
12392
54529
19627
53023
22452
34100
88403
20953
40360
99196
17960
39087
9515
4598
67746
61282
13312
21508
59667
80653
71285
31821
86667
54122
87930
78606
67428
10607
58003
17430
23213
24808
18864
26146
16408
50032
52498
92884
29736
38115
60226
73093
20755
14637
81424
27997
23463
11907
3982
17915
78339
89282
98226
15511
74397
35941
24860
1045
60397
43843
25982
49285
97200
61241
25908
7653
8567
68130
12563
30463
68640
76198
93943
25637
51308
83760
92822
83278
86233
50398
93280
79827
91315
69312
66139
40687
92140
32953
14514
17391
69669
69734
67512
25825
15311
9905
58890
19494
7858
53555
50794
45351
77855
46348
30164
42563
24341
69481
11675
10081
19800
53194
91381
64715
15886
79520
32282
40357
42903
32420
47808
68443
76246
3796
92881
78839
82111
81014
41959
69029
13568
26760
31311
19287
36659
98225
93542
95212
49560
10479
10303
54377
70788
81178
92557
40361
17507
16385
55542
50825
79937
32241
45683
56751
75100
41043
75514
5593
90733
85406
54348
86383
68164
81184
3230
68840
34611
71362
30152
40262
56671
29748
47877
22869
31376
15726
88860
3637
13096
87720
46248
49512
2245
24000
39390
96475
88910
46008
14617
50878
68978
59363
61182
39542
42369
63086
41623
18312
41460
79205
41292
52758
58331
24278
15086
33090
18699
52213
99393
31023
68181
56751
61906
7792
51621
59068
4998
85906
51239
24127
78213
69369
33779
88662
76328
93156
9873
24646
152
52916
24113
46910
75271
22965
50932
66840
29569
43878
21031
38317
52131
27015
11565
59238
71898
35077
1384
46443
30143
78207
69462
88146
8918
78069
52986
86383
76600
52611
94649
1949
51140
65573
34840
20654
2335
41752
86417
49836
45827
77549
9807
14506
77905
84825
91638
92077
68631
27629
38416
20926
87585
69845
34377
44736
33083
2583
4971
36589
14205
20338
90680
89163
99311
38425
81387
14776
16840
16976
98469
8
25419
93059
75292
68367
94984
20962
89979
7089
24905
53660
20793
47365
19673
18072
22703
45600
68883
63437
35805
46859
12742
32717
50704
44830
24422
33663
37376
51373
89698
79280
91313
23587
9224
18833
12201
53476
33052
78041
74107
52201
98146
68340
32924
27257
85164
91278
46360
31737
77221
92780
78819
51537
35302
82120
21295
77890
41065
41994
59832
43351
65808
79392
78721
2883
39847
76380
65731
94645
22107
28932
31196
77926
35852
24509
1985
44347
3761
95843
66055
27863
72240
80148
79917
96206
60289
33274
97846
27277
12512
69727
47929
7344
19351
11079
95164
54503
94352
7998
9289
98719
96213
75834
78257
1456
62636
68347
51778
86418
58707
43910
56181
89735
6169
68142
9895
84794
74552
43028
27234
96876
20146
75071
68608
49547
92564
58978
4223
70650
56942
71076
25362
40445
19331
73079
80631
98532
50048
16379
65639
49945
90480
26445
41873
28785
64184
86269
61840
1359
25666
45655
89226
49633
43669
9121
76028
38234
62348
41210
85269
44761
64180
19645
59572
86617
12283
17822
21045
87044
75654
66398
96221
15148
82424
31798
93635
57940
44253
27629
29531
99232
24420
10213
37009
82269
28035
55359
67694
73215
62648
78874
78819
42902
9659
22765
92607
75797
63395
37669
68390
75628
19134
61549
6635
98820
96440
92159
47507
15526
28698
6444
84157
65649
19517
6578
51402
68418
43242
30977
97265
55774
48656
23173
46818
31815
92693
14130
57023
37145
64825
58179
69775
49343
71622
99863
17668
34059
14
25414
11914
17809
3505
2142
96801
64926
57919
91296
44383
11786
74527
14610
35558
85978
66061
43218
20851
22550
70076
5791
21631
28576
52793
44933
44576
45196
77780
88680
81148
87467
99284
92392
58687
9616
3711
66244
7894
61470
74796
39873
18580
48067
28754
42537
76998
53663
69308
10651
90386
52647
86980
7907
84346
42157
90438
27712
27070
38983
55595
46972
17059
86253
91066
70121
68291
14255
61621
21599
98744
15533
46907
26889
95823
25510
29318
22338
3874
5326
295
45539
35940
16773
83052
93419
20660
17595
98760
85997
90330
8931
89487
35871
55193
76073
7101
26731
36986
95284
71103
67916
15673
4561
41032
96668
30367
49030
4318
63993
74848
14001
444
57625
53720
21836
72311
76258
5306
62080
26870
76383
5456
93611
50284
82869
10969
36650
39028
9698
78473
38956
98660
5286
29247
19353
48845
91299
1302
72968
16472
31155
98401
54243
16849
58417
75683
50514
42334
69126
49498
68080
73919
1467
46931
33334
21464
25587
14889
16724
67509
63973
45865
9923
55167
53464
29617
50544
47163
29996
12957
52729
78694
57240
94039
51486
85110
82272
79497
42623
23806
89563
13786
79316
6576
14187
19387
15494
95467
42325
26738
56211
89333
60338
60566
78664
41223
99900
50217
60096
86731
21566
45237
68544
71706
13608
98492
74978
92928
72968
24165
19647
82872
61458
73769
73402
15834
6642
22770
78774
93691
2430
29756
82398
94374
75656
94197
92137
74134
15960
14471
92873
51007
35954
52604
71760
21908
87493
32930
30231
67303
17181
43741
10109
88924
72908
5555
58137
70143
34002
38328
38237
16694
52765
84186
57143
53153
94134
42091
91098
14454
18761
97825
66272
82115
38589
39159
6261
10859
88775
70255
17120
8607
46021
42237
43293
91927
56339
50408
60934
69170
92967
26571
52621
62481
77204
5030
34191
15138
12820
55314
24058
26120
65112
94480
53881
29269
99590
41282
93591
21717
76600
63895
32676
58144
87036
56099
8298
44878
21598
83382
33163
44781
88412
80289
52421
90148
46672
80892
90113
62419
35084
17158
58636
48553
97880
88652
7595
30518
88053
48858
11451
46130
75121
98822
20267
98417
14591
13448
98386
93377
25602
72940
41215
59510
38527
87388
66529
96141
77250
86924
64301
62612
70792
53061
53986
99687
73106
30184
73773
50921
84475
1798
6461
84984
62535
74652
16890
45366
34037
25381
61419
20791
7429
48110
41917
60406
770
29633
18281
28587
36947
42241
13366
28665
44152
20228
45670
42140
11640
9699
919
28793
1402
51461
65515
59989
86919
78966
27184
52601
15481
73137
56302
17426
60858
97484
33460
31220
93447
92717
24517
38250
35622
72468
7422
23147
4360
61348
25844
41707
40746
76611
39786
52389
58837
27694
26821
62741
39696
30905
94596
1713
85522
7780
44766
36404
2969
87729
93495
1456
60779
67583
22194
94607
86319
6789
97200
63023
77064
58987
43203
79231
69572
42523
46135
51988
23512
49061
22414
94570
64890
56491
98967
71113
46155
83571
11290
30866
44284
50669
52529
5153
96200
57798
67016
92789
28609
5877
67806
70454
66560
25339
46793
5355
85463
4562
65470
97104
56865
92338
63466
20258
62253
33307
67615
49253
62256
95577
95412
20756
28570
44993
56593
12427
44144
95129
66743
93309
72743
38517
25910
39421
20449
70133
73451
32680
23975
30293
5825
89751
69773
18690
3872
71617
14427
51174
46362
75177
38251
53437
78781
16256
2576
89149
56248
8799
73577
55225
24579
67216
47935
2156
20732
16195
66321
9923
53518
25297
48016
67097
39829
73401
95955
48047
83012
23977
51800
58515
17613
94471
9781
81823
45517
66784
89770
88973
533
42500
63112
79484
23484
65740
40539
10092
96669
49361
64935
7314
16131
94381
84157
68322
26518
70238
34556
55152
95910
92011
61678
67567
52811
50783
75569
23384
95611
65934
96670
67546
92987
56282
89715
79056
35825
76488
68690
15435
93502
22228
59849
39991
89978
85677
11209
66378
62304
89651
3546
94597
13064
54775
62181
25051
8727
59479
16533
50992
85037
45886
60646
31759
43646
26249
42200
21387
30973
41742
26704
84502
59139
96038
35348
58184
47829
28319
25741
1085
18434
1607
94793
14781
6687
83940
23126
49389
46582
66413
52189
3201
85652
88880
32176
58984
90177
44946
65711
58555
81719
94023
72717
1170
49618
82853
46563
50862
93265
27777
16845
99911
38639
71807
11541
61089
76310
76643
84956
85329
63250
86856
20491
77951
64164
53581
87774
52522
96536
9542
62653
53565
22851
37854
83061
40173
51496
50795
76708
70849
3509
66054
21222
62426
49031
15277
43203
73420
15916
81133
44277
25590
68214
23137
33249
84918
48883
44548
84252
62440
79821
93653
61868
69565
29150
2888
28851
63568
36136
1536
10961
98489
36685
31143
98370
32530
2660
3154
90970
60254
47806
37372
84381
26229
97722
46182
36036
18590
16919
30226
76243
61864
255
69962
88840
60879
36743
99272
88532
88690
53306
76808
51797
2800
52715
42423
62954
24965
62654
74980
23393
49577
95687
44611
45725
69571
18457
93746
16742
66088
96361
66710
41782
91660
55902
5247
78926
44694
31323
8964
47032
22129
541
82147
78713
69687
71924
78281
7404
22475
11923
67201
96809
96536
10516
25952
50867
78930
14098
21581
92525
2265
55268
52503
78508
18906
38142
21993
13052
43734
6260
856
70327
31091
16386
78804
94287
14512
86300
83191
25348
96404
94870
12359
6349
97258
42804
66454
38150
61489
3126
26315
48618
84268
33175
40217
97443
54151
80056
40492
7888
60229
28274
80548
12203
77639
16511
82792
18792
11215
68945
4476
24078
51122
69072
38890
88585
87956
8238
39537
69256
23914
1141
62916
76653
40589
45783
30686
3376
29775
327
93403
57341
76100
55451
18846
23518
39525
54555
60927
55900
59712
26303
55127
75532
2793
33005
93032
26187
96010
68098
62849
47763
6412
49580
55953
51349
84511
4909
92572
88960
83812
63841
18331
69355
99532
57431
4548
27785
60246
1031
17154
88850
39250
40780
51289
75418
93352
95915
80065
93333
83048
25444
14970
85374
22361
2537
29794
26440
49419
46587
47391
60530
75912
92702
78208
80983
24922
35514
56928
39635
16199
30977
9359
86888
63364
4546
98416
98928
14257
3208
13405
85426
82337
72008
76007
90913
12615
10418
80389
33915
83930
50146
61735
31069
43601
70879
1577
91431
17245
19225
96191
12207
48466
20340
35395
56622
1436
27684
53551
81881
15664
46310
94343
54810
41240
82384
61989
3033
58726
68959
36213
92218
46910
70153
10405
60612
55518
53074
66467
58557
28678
60212
31330
39558
12871
3656
28373
42822
75488
65562
44362
53967
80007
14840
97394
21158
73959
68070
93885
58806
4340
29160
57043
76050
19355
84326
4705
62472
17474
63468
60732
70463
19549
39176
95193
44000
72696
40634
98333
12473
10935
62536
424
23441
55935
52382
41002
81604
57531
80491
42893
59501
86149
46651
30904
78072
99139
51565
5621
66575
69771
82378
68538
62922
77817
11191
75739
88158
5964
18113
3741
66619
10610
9940
41654
46814
64680
22082
4994
18595
99955
67237
95349
64574
40985
95554
3988
8204
64032
30079
15470
84748
97051
66157
47667
4031
44990
15558
72960
81002
38350
21392
12188
22523
18692
42784
38037
57409
22034
5235
74563
29969
65151
36720
28928
59857
71525
66659
90964
68788
65677
77973
40287
75527
21709
35752
44090
81497
61045
41447
57102
69864
56001
63833
82680
38026
68042
20558
3299
30105
40617
6780
40482
50353
36091
48745
12040
40482
48176
55433
14903
61440
77915
55627
72326
22626
49109
39819
3697
22631
31163
34605
72140
94077
75989
90300
6711
83314
91227
84498
95896
52324
64301
52332
9059
41030
62903
63196
92111
41785
52853
63022
58824
10170
4998
95099
55525
58140
8655
57766
23239
47267
70825
94715
148
86189
6623
4810
32515
42946
61118
55033
93223
26862
42462
22903
4258
50282
42838
34645
42108
81200
65111
67922
19857
9289
7959
55493
21278
89928
52842
75331
32742
58895
3399
24485
98216
38857
42903
39290
11677
38794
79332
66880
95255
74603
89560
67399
15382
7150
57261
48142
78712
47911
7488
33152
51008
57468
23675
79670
59392
58074
7941
46473
30636
67143
27572
80622
60646
30450
37374
13478
10032
89431
99104
71179
52638
38211
85018
36138
36989
37681
63916
84189
6898
17793
30528
56170
12083
69380
9613
48147
61102
85670
91399
80687
51547
6509
76465
92205
16444
50597
49363
98449
52125
18121
34243
93468
51557
71567
68956
81768
10131
51804
32914
55289
5342
75533
27010
37230
87020
81427
84396
71612
28299
90971
85354
76340
88082
29487
57483
77936
13560
87298
54235
83569
83040
92607
84633
69559
16077
84389
69839
24055
74921
44902
24459
64718
66003
68592
75404
60612
64632
15673
93305
10769
82851
16287
10081
9633
85609
60066
78194
51246
51536
21325
95092
36871
66349
78610
46575
52260
94628
46215
98288
59060
81070
85030
40961
99291
9006
50653
82283
65870
17740
31147
54478
66396
63899
3544
59124
44348
24772
22186
64102
20007
39164
97980
75893
76424
99422
9821
47521
52470
22080
82015
71036
40484
86990
77633
12817
99176
77199
18022
75987
48531
15844
68830
67202
12303
54509
84617
99081
83275
40013
67144
41608
67337
87671
27731
48861
72989
75145
97528
81348
55949
86915
7590
55172
34304
9738
49038
36105
89347
86187
85980
8125
45675
23897
21144
40699
89525
81741
58544
3043
25778
29891
56255
33417
10314
32088
73036
60107
69372
79469
79961
49077
893
98455
64585
37214
29360
20671
97100
83699
71864
60430
91908
27902
27666
56906
78790
56017
38629
11187
976
99745
37246
54459
51261
2781
26323
90508
98599
79865
37784
1070
74721
75425
18375
12078
75087
29188
39664
98449
52716
49225
82447
21550
75484
2983
20822
36052
97013
21117
87323
71226
43227
85728
63365
29594
58797
62639
32275
18199
48491
42309
53089
24293
73682
12609
830
48817
21512
27186
83459
29519
98242
76178
58815
51242
80291
93381
93162
7124
26355
27448
85322
43083
55655
56376
63825
56000
54234
64736
63660
79520
34819
71755
34587
80929
17668
33114
23404
23852
52844
12804
75134
23858
57828
73850
40485
2592
50827
14269
1670
61793
743
78247
36889
64949
52994
31993
76609
16311
17946
96235
52489
44770
16556
34074
44074
12953
83844
9388
70316
47306
40815
50143
4966
48031
11517
43876
80977
14762
88533
9774
55569
4225
92849
37569
94453
94734
28160
53272
5721
44626
86927
19508
43323
86296
16955
47355
59682
30531
9782
98551
68079
46478
16829
19110
60108
86256
32784
71762
49142
86381
37210
49231
84183
7566
40187
87781
68697
30307
39386
19344
97162
31118
63434
83032
48092
39374
17282
41392
37349
88464
45218
37923
36768
20136
98859
42692
93477
1380
91523
50561
42297
46295
40779
40934
37769
51948
55924
75733
88434
38315
19537
37896
93204
10762
62737
79547
84083
14328
259
49641
75060
78664
53736
2512
12005
49927
74990
93516
60170
37452
30798
610
41611
17871
40321
46858
98630
4315
16504
69318
78711
40770
92413
18855
78629
60641
45314
56162
63225
68034
94146
39177
15137
94363
83981
2224
62190
73753
13548
85041
23175
75227
87681
88891
22379
95543
15199
27371
1326
79869
97619
7461
77409
55683
23905
55059
31176
49950
60687
25635
26097
87391
12515
25336
89685
60963
57865
88688
9659
30023
67597
48611
69663
72730
9241
98
30386
73107
47359
20294
51240
46323
6224
90503
19687
63270
22683
6980
2324
41324
95740
26457
37003
81536
18317
34816
27709
79379
60857
72323
78934
86793
70867
5875
36422
3921
89219
38310
50171
79020
36550
57050
86883
78591
13533
32684
92429
86098
81097
35532
58584
79528
65497
58203
76654
62181
32232
94651
27361
28029
64933
80090
9320
19022
86213
24378
89408
6720
32093
50886
92794
26631
64061
22223
79897
63102
1563
61793
14388
1224
59209
75590
79397
65440
94194
49060
3299
39828
50011
95275
21540
7090
49089
92273
65680
30407
17159
80065
85865
69690
26846
71016
18874
91508
12565
57083
41810
65458
8903
20288
53396
87204
79610
38282
70241
79315
80302
76065
74520
97680
29465
86859
74441
67924
51649
28939
52340
38193
75075
24036
52778
91698
2671
74908
27189
45731
62547
74229
9410
34445
87593
9595
52046
86734
65030
14035
71580
93485
29909
44539
27843
32358
9696
54225
21734
57810
61314
63070
61900
99921
517
73110
904
88689
27293
84662
46387
87360
94250
87777
761
82308
85191
36200
77541
65382
16163
37287
55289
5035
19250
7281
58145
2541
98228
40245
60115
99882
51008
52071
15216
14238
74262
61788
13686
4504
85529
24340
63353
17587
71116
96749
96449
46336
28779
64815
90435
67746
58231
39883
86556
77847
7981
20992
93832
65200
64384
44638
89496
98927
315
81796
78087
46079
10777
18111
70727
61306
13998
48495
9785
45591
2259
63389
25177
23144
58089
57329
84940
18667
7730
2315
93199
32636
86768
49417
9138
65383
40183
26759
8021
2290
81904
93027
38072
38359
58896
12741
27989
88728
83657
53878
88977
64133
31720
87522
16318
43332
49983
29795
32668
27190
57303
41166
36696
23630
30805
18747
65062
53529
26467
8475
21857
28685
75748
44775
87568
89581
26722
91468
34264
47983
10821
54769
65036
12255
57667
64717
43200
20091
43736
37587
94010
56189
24109
70532
84843
95068
38429
38092
84976
30763
12372
16761
90692
91893
75251
85330
79214
97636
4227
32488
2772
86530
49381
770
25342
96115
30189
59081
25964
58046
34102
22627
62010
53556
67952
15643
91403
45032
15778
66788
60254
44599
33187
37318
71406
69707
16706
57153
19829
41252
93079
17090
5033
70658
2308
80261
89740
99727
44553
64797
96742
67555
37349
89170
9925
93525
7008
75743
48975
86118
27072
73919
818
42448
93656
99371
59184
63174
16726
89624
50301
59824
17601
95552
66438
63591
18573
35017
91714
74780
67572
37471
47653
60580
25321
51923
35035
97102
18732
13924
3213
85088
13717
20359
56835
84581
94309
84849
96590
20308
99213
2754
80816
7145
70116
88026
89010
24557
97579
44508
13910
66733
26126
67743
2107
8711
91912
89481
40676
8458
46296
62088
65717
48820
72798
68005
14011
72105
15392
71934
32775
15957
73779
48988
5572
38728
76077
71575
8721
62510
63340
1048
9899
59815
56327
48965
9803
43781
97222
30647
62125
81105
78256
94844
73744
55167
54821
38270
72507
77097
11834
80483
10264
93837
47237
69787
50746
51908
71662
74301
12869
73822
66865
48653
63589
97024
6254
5775
44045
33153
67665
96191
2921
78881
94628
47014
28294
6362
9246
80565
96696
2542
21094
6814
14425
21430
50153
72710
84292
24827
46288
27897
45108
91088
49366
47505
83597
54524
36730
91619
75321
66039
64547
83358
39081
96229
42501
78466
17160
94447
99705
70030
42329
84092
78277
40693
94372
32157
33475
88877
88432
2207
83108
28303
56684
42390
16425
43913
9595
48291
88057
1155
99570
3134
58762
62607
93136
69359
60177
43751
90193
7657
73569
15766
65887
11538
7098
76032
8886
32884
43817
95200
54274
40129
19623
78691
2847
45871
21177
4285
9799
78840
96656
17683
83331
78569
54927
18616
54322
53592
73172
38031
55451
26653
32462
55834
58062
96248
67688
86717
93861
53292
31694
46117
50837
80965
11866
23988
44039
34358
26703
63526
24711
98214
7128
88712
15313
44043
412
18788
48005
77692
6971
44558
49976
1409
73639
1923
14672
74128
8307
99044
66105
72578
69328
47100
68360
69843
97502
38678
20805
43163
5748
901
39974
9791
46014
16235
37519
48481
72676
10991
5616
69667
42569
26156
70874
32434
81380
95348
37040
4198
51589
18689
86342
87511
31824
37283
87922
40910
44198
92814
51042
23762
42874
40649
44582
56902
3473
67883
48614
20968
81854
55493
26903
39288
81949
53045
85834
46758
19070
92446
76471
96113
4195
95780
9568
89229
7552
15377
17429
8056
88730
13597
4300
59378
13671
45894
3470
4315
11851
70103
71347
73268
62289
47620
10602
75567
3599
81236
71240
75001
85247
86059
32196
87598
85672
25653
21584
36042
18136
98664
76563
30729
41463
29730
49252
40717
3581
69564
15593
53133
69313
89810
76729
20434
20277
69026
59452
56110
96071
99493
4488
17344
84725
13578
82844
2573
31789
42105
28515
18488
10694
16493
86634
84199
74659
43437
6169
67614
31095
81435
15666
81240
47490
21361
96781
22562
76838
63157
31957
68818
70608
61989
2176
68493
5734
59889
7479
92776
23470
42606
45584
113
97948
42315
50948
46490
11507
82131
15814
70692
57985
15832
69858
42552
31516
54610
83310
33997
53882
58658
10828
63707
78971
9416
46448
11722
1800
48218
65391
68050
64835
36655
36417
26473
4418
43603
94332
67715
38338
8230
9528
29286
86107
34476
99953
36127
58948
84540
98443
52337
85017
15263
12553
62727
98150
40689
20852
45098
30442
4724
92664
30987
74209
80473
53825
98144
28011
58164
19713
98630
1531
15359
24943
90995
82189
86734
80383
38561
66980
81583
6121
54879
10562
93389
17526
47810
99412
44965
82938
79722
32242
59819
27149
73872
9045
6419
67782
58013
82971
31586
35220
11264
99095
9741
9526
91672
62881
93057
43957
43678
53514
69296
3064
82093
77082
50879
89705
10885
30756
82688
69845
32698
29879
55743
22131
26399
69845
23135
3855
81600
97537
38113
23613
39319
99061
49321
96288
36924
48749
82764
55398
24548
55620
59492
42335
87181
80869
98439
88044
88934
41982
55856
26593
26536
64463
79319
57195
34832
96811
35223
67574
60864
87796
13765
38836
86644
60252
4047
9598
95025
13340
96098
45371
9585
85960
70716
62246
16126
4926
73007
77292
84838
7095
40536
58711
11625
73740
89225
30571
83388
32359
33630
83629
87251
64048
10248
18364
19630
335
20997
70516
11907
12010
36225
2715
26720
57580
1948
28058
47481
79186
15549
18476
9214
47138
9898
32796
74730
23831
3682
78002
28212
27928
53235
81983
24908
7319
96487
79697
8437
83362
94471
2305
36927
91315
64178
90504
39156
63518
90924
99187
60829
2298
19220
2439
86815
30113
79737
83044
54009
77504
46673
1551
63026
36030
17296
75944
32783
51045
68617
99093
90312
14352
99218
80469
85283
90195
36600
307
44249
54074
84785
18169
47021
50611
70994
38146
85882
56018
49980
67289
79818
34164
56294
89073
75364
92397
41972
82145
53310
37487
3728
37546
4781
46645
19212
75990
4461
63802
77826
56234
86644
68230
93672
73666
42967
16262
3089
2651
44279
60715
96655
4261
9175
91003
15815
76083
61214
76780
88069
12624
50604
58942
85327
33361
70350
14887
84828
32637
92241
33792
3939
99422
4311
44918
6321
32388
13878
23767
21074
66229
52962
89021
13710
8070
18418
37219
11538
6907
79664
47678
87687
97575
74491
11088
43717
12720
65653
83750
24053
28720
64185
10681
7122
87725
30618
66330
54302
10016
30039
42190
43985
11314
33662
20703
36423
23677
16901
37265
74835
90082
33328
7068
77201
58578
65343
68630
3232
8821
48017
83393
27811
94804
97260
75990
99831
80279
83915
89493
35161
22494
38552
17865
31565
84601
31510
56219
29697
90570
42018
68779
21625
32904
95411
98795
67769
38656
54998
1175
35187
64413
32914
47944
57130
39937
83864
35177
93824
30053
69858
51934
19016
74271
13086
15360
42155
55743
33851
4236
88815
51709
22794
72982
46848
38026
69983
41931
93422
75339
66892
8658
7546
8801
1598
52583
20556
55743
27581
29315
73391
27087
22960
64777
59407
99504
85632
59452
69907
70883
80554
12941
79433
65978
43828
85567
66280
8425
79569
55696
44201
54412
58665
42133
86334
45021
28545
35666
11887
74034
29459
89122
4232
17538
37071
25125
46229
35617
76718
34661
20953
41052
27134
13471
83761
6139
60592
26489
72923
63116
48361
61251
97061
28620
87998
12673
79620
17533
59125
61371
19461
63764
28138
88751
75396
20017
6650
46105
56469
26840
78132
2096
16421
61071
68956
90397
30543
6670
94687
31168
7845
42221
75363
61518
85938
92468
40944
10904
44051
32422
79817
18534
75332
45242
51050
56222
80478
34045
60471
82566
22015
83899
30287
8847
78710
13102
93178
78483
4545
75181
2693
48739
8562
87310
61288
20982
26321
48766
68112
9998
19035
93566
99693
72374
29181
20557
77465
97561
36327
10965
69279
22286
32404
80543
18745
32294
31117
58105
32103
31988
90366
9347
73979
9373
17362
80226
99002
48554
1469
77650
5998
96796
81492
73021
9635
12921
40099
16327
86073
62472
10781
85506
42620
78736
50286
7174
67341
46781
6336
84740
65705
59535
52469
99926
85384
76808
56097
69664
82280
24805
65275
21142
8964
43254
28839
69855
91728
11965
78088
63488
90283
11029
46215
95473
44917
89836
8575
4584
39669
87061
63015
39364
56835
72045
97080
56243
30806
33748
70387
46690
75312
10162
79036
94399
87865
84267
19970
9660
40141
19648
95174
12551
34213
79680
19378
66694
67500
18334
11779
52726
18321
1048
5702
16097
25192
74900
86737
15969
67193
55501
55462
5302
6089
31841
27027
14143
83348
60057
35091
48559
86024
32989
12536
77631
79064
76695
51443
60005
50891
77561
12414
25304
61803
81845
10047
41803
45541
73762
59982
70211
74316
65060
15967
37161
31853
22279
18882
24923
63549
12129
42339
55108
49946
99272
95999
88894
76345
74899
65018
11760
37983
47249
79656
15457
61986
50139
47431
34827
3430
31565
89355
14408
35330
67924
40111
15931
38974
96171
69613
34404
99606
9329
83912
50640
68428
22114
53433
8021
96271
50421
79171
60931
20692
47905
7205
73705
2211
44002
10678
46135
53202
25023
43446
59051
26766
25458
53111
90885
29984
17022
64742
72771
13591
6417
42568
9027
422
90188
25564
34246
44861
47057
56157
78507
10936
93215
89096
69625
26856
40122
95327
82386
3560
18610
58637
72595
42501
81520
43206
31641
64985
55806
80205
40900
71289
2149
11536
74669
9743
31553
78469
62939
72123
10792
60516
51177
98270
46940
88310
66978
44375
75478
7176
87837
17939
85557
97706
76547
69852
52910
10843
26809
50563
71338
17257
14326
62249
70605
7
14971
3262
17745
16304
3995
32345
90121
90581
32133
32112
83872
78451
64034
67764
56768
48813
51570
87129
14252
19155
10714
59825
25783
5152
76242
36438
73445
34950
72155
59954
4033
65426
60725
58456
16494
93609
23828
45682
38299
61610
25935
61962
53556
72555
73018
62892
77176
36191
36685
27192
84940
27403
30210
8976
38475
7426
89012
60618
57937
96032
44394
91780
80579
25810
71293
66903
89430
75303
51611
81293
37295
86573
59357
69608
42190
55616
89624
38731
20664
81816
18924
29906
98123
77224
37192
55766
11739
74802
36190
14677
56086
98335
49098
42015
17640
53719
7728
75448
97665
88446
49134
52938
78462
51806
61838
66340
20372
62960
21613
22798
45102
93875
92193
22676
98579
46114
884
41030
60899
89524
57147
27351
64441
9468
15401
20802
5118
13714
78994
87550
81530
7304
37061
44017
56582
23976
45744
74575
30215
90999
54495
51204
42393
61266
50209
23607
46627
18110
62127
27583
54872
83731
5145
53237
9635
26836
14286
82592
66007
22618
20215
30832
64087
67745
34254
73871
89651
3165
75552
39526
72649
63140
39843
12950
30880
66870
37978
70135
98369
9535
44640
34718
76882
90112
45717
20289
79843
53389
69993
17077
90737
42404
44059
59943
17073
24972
82987
94781
6343
87087
98516
85895
66109
50365
36557
83959
37885
96693
54749
19822
25112
38070
11911
66402
71239
57465
61678
76774
80712
69325
85719
17485
57301
4513
45235
23906
72239
69776
79193
43591
2997
63408
55027
88458
48877
34058
86374
28742
40717
98903
83660
12489
88626
67952
8422
34638
23561
65168
35734
48508
41236
12598
18453
23739
50690
3161
8522
23600
17547
91681
14668
2686
31378
33661
7698
73235
9873
23842
91225
52250
20745
31714
88163
91486
31524
3097
36609
58215
76971
98178
1574
36505
11355
32196
81295
58290
36687
70634
98588
90306
13631
86807
93336
33273
95510
63248
64325
62662
16908
48029
76535
69964
25184
48674
18979
62213
66135
78943
37912
60325
40164
3548
13062
15937
32214
84763
49179
8615
75365
1491
54651
73332
34088
79402
43783
26912
85018
28716
99707
97156
25994
61017
67904
5383
63118
79390
42811
94361
47069
43709
76370
88002
76705
29724
51357
13447
89972
90255
49882
24046
16433
78386
65565
7814
22891
1275
12514
14321
76555
97595
99536
25352
68399
24134
1278
74780
76351
70256
34582
82569
77057
36546
275
11765
17581
65478
39144
62490
24449
96441
19404
96319
55457
19132
35582
90565
51480
87032
77018
84720
30899
91343
36829
60066
82457
99881
29754
48053
93406
3939
91553
56221
59328
79482
88210
72314
25109
90490
1620
12723
16030
92493
55513
59620
86893
50965
33318
39906
61583
84502
57175
93207
53973
82867
76531
91461
22246
73930
82968
87162
74121
93216
17483
9795
9601
47611
55202
34937
53203
32485
38419
77606
57938
12465
86904
38515
91721
90288
7478
65302
73221
65684
160
74006
63619
96896
64247
44386
65567
36437
56583
49940
96050
44109
10297
39754
7802
12308
40318
91234
6951
15049
6556
79456
48189
75866
29322
87583
42339
57975
45391
53061
45406
94810
2988
12044
1048
5963
9459
62411
93815
81162
29206
38482
29581
43962
24046
15059
80350
81272
68854
68966
52043
51481
5676
92107
65521
56569
15837
50883
53273
13416
59426
22517
18452
6792
45071
66519
39258
75979
27117
30676
36784
90111
34319
74964
67372
67068
54341
68712
84366
79605
52633
60148
61349
50852
31248
50871
55512
37663
70782
75795
36238
14697
93483
5532
70099
95070
66523
6135
5838
1276
33648
92660
62045
44679
77629
58948
98273
94646
37435
32536
8658
98345
7208
34180
34162
33008
37843
98411
16521
52887
34772
86169
79183
61063
39242
9400
79056
31115
17044
45406
99789
74178
52591
48399
99206
89401
87492
19659
81606
87359
84155
30336
21017
15365
22005
22641
99395
65670
59661
70391
14308
61801
40147
16173
3326
95235
49750
11123
30607
86764
77599
52627
53143
37248
88207
29049
97373
79829
29557
28712
31544
34556
59245
77019
98034
89833
51555
46569
50413
53928
