8626
2621
2519
3431
4714
2645
4314
5106
4781
3346
2341
9465
5160
8963
317
6335
936
652
7551
4238
2848
561
7859
9264
1586
5478
3405
1248
8540
4158
8470
220
8316
6666
2972
7815
4543
8410
3727
5194
6313
3440
8025
1337
7158
3162
8202
5367
7129
7434
7886
5560
5064
8990
8511
8519
5847
6309
3584
3820
25
2849
3286
8571
177
7903
5091
8198
8737
740
8220
8915
7073
1425
1674
2038
8414
7603
6636
9823
1530
1765
3012
7439
9012
7333
3601
5355
6485
1274
9989
8614
682
4747
8190
8690
7251
5463
1724
3573
1953
5903
1021
2669
5984
3761
9378
1433
1505
9822
6239
7704
4450
7263
6988
8961
3004
4146
1890
1110
5815
42
1995
1560
728
8719
9411
5594
6402
4562
3780
4922
3244
8193
8192
8278
8490
6496
7721
769
1536
9015
2660
6317
1171
1035
3361
2544
2060
2602
8414
1373
7597
7799
5404
3037
979
2124
5667
1963
597
5150
5710
5449
5794
4826
4344
4385
6945
6848
9836
7681
8214
4850
8343
3726
9498
8594
4522
9772
1970
6700
5654
1801
3218
9873
7853
3546
2868
1042
2216
70
5141
7211
55
2145
9873
4218
6081
2200
9334
9783
3234
7151
5648
8012
1418
7673
2061
7465
6566
1216
1716
4749
2036
3586
5808
6756
3558
5418
3453
8201
223
2301
8243
7775
3662
3711
4365
7763
2423
9665
2944
6545
7707
571
843
6333
7533
3648
1780
682
3614
5464
9708
8472
6750
3003
2924
2708
4162
5531
3073
76
4908
4373
1792
6808
7525
1773
620
7699
7818
2902
2812
3713
4565
8411
7353
7967
5815
633
4413
7318
3400
7974
3019
7933
7476
8234
2440
3164
4374
4387
8732
5166
6152
4986
9011
2485
8793
3381
868
9943
8431
5097
1753
6813
9481
4714
5316
9699
1171
5624
9449
4580
5945
2662
2223
5196
7320
9057
8082
3535
1693
993
2855
9123
1180
9178
3261
5702
1740
9198
6559
1824
2457
5522
6549
4075
5183
7055
2178
7007
3396
1219
8032
117
4109
6720
1008
8463
1715
9658
2410
3371
177
7614
7923
4142
7479
8267
9574
5321
908
9352
8241
9986
7921
6529
2654
9761
2078
9910
9333
8572
5876
2975
6026
1565
9900
24
2663
9707
3768
5170
9316
3368
254
4070
2657
8956
6522
3172
7295
2941
3254
378
2400
1398
342
1362
7765
1964
2992
7901
5228
3628
8589
2158
1573
2195
24
1876
3361
7241
8933
2253
7743
235
38
6800
739
7497
9737
3081
538
7221
2852
6032
3548
9578
6707
3904
7066
4516
9133
5968
3646
7819
2482
7696
9739
1500
6164
7776
1518
9806
3019
7212
1531
9427
6177
9974
6043
1107
8503
5174
1589
610
5569
2267
4356
9030
183
374
9351
8682
4914
2179
846
4075
2811
9267
5761
4738
6974
6879
9280
3010
6161
651
5364
8554
4428
1197
8723
6540
1510
4371
8473
4928
1655
4326
6643
9324
6185
2509
4602
3688
2676
2672
3514
5158
5200
3891
275
4061
9452
2521
2505
1068
4884
8858
1522
5087
5003
4806
7150
7484
4590
2137
5755
3235
9469
1657
7672
6274
4700
9735
516
4956
9036
5518
4833
6270
1634
8507
9489
3395
722
9551
2259
2552
9302
2948
2223
8356
7318
2298
385
8939
6892
9808
1397
3580
2713
4766
8250
2099
7164
8679
4513
6494
7496
5778
6450
5965
1573
2508
6274
5865
1020
6620
8542
2156
5177
4919
366
1543
6617
2873
1238
9408
7358
6351
472
7321
4564
2317
145
9411
7308
7345
5207
885
4248
1153
2058
4116
7173
9121
2846
1608
7757
43
9182
9066
464
1101
8886
7484
142
5789
3031
5297
4486
8100
4569
1398
4518
496
5461
6602
2978
9916
5259
4135
997
4013
3545
293
4317
957
6282
2014
4966
5670
3174
8906
5684
743
573
9903
7979
8099
2866
4481
5847
4508
1256
8399
7317
4479
2740
2041
2066
2025
21
1140
4134
1727
5617
4789
5698
808
6217
4439
1674
1734
2862
5864
7497
7738
8330
8939
7978
4100
3855
8353
7529
4405
3338
635
5575
584
6251
9545
2389
929
1579
5382
9992
247
6025
6883
6325
1995
9602
3698
8524
9941
5896
103
5728
8008
2737
6276
9588
9679
5029
3408
1534
6452
7030
1884
1601
7070
8205
1339
9875
2685
9794
2995
2045
9383
5672
3004
7071
9621
9235
3615
425
6028
6050
7756
5526
3115
2726
5166
1747
2666
8812
6051
9419
9493
3535
7118
4224
6396
1223
2771
4916
661
5574
7664
2577
9135
7132
764
843
3342
7514
3550
492
5709
4703
6741
3794
9161
320
2124
1450
2033
5562
3632
1378
4618
9096
6093
3027
547
3696
5695
2327
919
4154
2980
6478
6097
2814
5333
1429
370
3135
6125
7857
3114
4374
1415
5719
6077
211
3982
7792
7139
8943
1175
7048
3304
8750
7049
6471
3757
4363
6726
8056
5451
3495
5505
742
7936
4
5145
8457
6909
6931
3999
6201
4332
2667
5908
4565
8573
5668
9633
7185
7543
4906
2706
7239
9184
3396
9656
6291
3103
5643
2424
6528
6322
2189
5527
6128
9291
2579
4735
9424
62
6664
995
8834
8066
2187
2632
4167
3925
2897
2131
4031
5271
9032
497
8890
7253
6338
8299
6569
6723
2654
5011
3680
7292
8082
2852
7129
9092
8112
3215
3854
1712
1583
6333
3703
5631
6315
240
3966
7786
8425
6023
3054
1034
6182
6306
1270
7668
1622
1286
7957
7266
7344
7559
764
9546
4900
8600
6050
305
9793
8469
5280
793
1854
6356
4442
3873
2743
5899
1716
8502
8875
9454
8998
7251
8573
8486
3759
5550
8282
3733
5530
7065
4792
4446
3874
7719
4550
9645
1149
6993
768
9659
7490
6435
7844
929
7853
8134
1635
4438
7510
3552
1206
5236
7341
2492
6195
6971
3153
2396
5851
9528
8784
1631
8402
100
5006
2126
5093
1463
7744
2709
2635
5487
5871
6569
746
5930
1671
7988
7625
6762
4408
1356
3634
3801
8844
376
5168
8516
7147
6368
2135
7133
1873
5881
9573
3237
8671
9399
